0.001756453389
0.003119271216
0.004082238042
0.004659177348
0.00495033004
0.005046226862
0.005015901337
0.004913436836
0.004775713011
0.00462535429
0.004475513529
0.004333172497
0.004201400156
0.004080760844
0.003970475285
0.003869161271
0.003775427325
0.00368816345
0.003606528164
0.00352988973
0.003457772061
0.00338980028
0.003325633808
0.003264935576
0.003207385804
0.003152696371
0.003100617167
0.003050934244
0.003003461837
0.002958048082
0.002914596594
0.002873052045
0.002833335384
0.002795322714
0.002758890379
0.002723931047
0.002657923988
0.002626619385
0.002596333248
0.002538618313
0.002511116549
0.002458659
0.002433602329
0.002385725192
0.002362897956
0.00231924067
0.002277970727
0.00223882721
0.002201724098
0.002166496323
0.002132872486
0.002100630642
0.002069680338
0.002039939095
0.001997499102
0.001970526783
0.001931935176
0.001907486895
0.001872692314
0.001839891081
0.001808766333
0.001779045039
0.001750763305
0.00172381913
0.001689477434
0.001664876478
0.001633718811
0.001611564694
0.001583390059
0.00155664837
0.001531368078
0.001501724667
0.001479273353
0.001452702501
0.001432586549
0.001408833126
0.001386470759
0.001361088527
0.001340933953
0.001318016381
0.001296299157
0.001275792955
0.001256275388
0.001237648694
0.0012170621
0.001197743091
0.00117934266
0.001159454333
0.001143017358
0.001125057382
0.001105770782
0.001089597487
0.001072529899
0.00105635297
0.001039215153
0.001022885732
0.001007324705
0.0009926754408
0.0009774685872
0.0009616915595
0.0009481887558
0.0009343330831
0.0009201134919
0.0009065700674
0.0008936978495
0.0008805299872
0.0008671795729
0.0008544934774
0.0008423195546
0.0008300247424
0.0008177300974
0.0008059762211
0.0007940135952
0.0007826621712
0.0007711901632
0.0007595791243
0.0007485279109
0.0007374598701
0.0007265264005
0.0007156675714
0.0007051894525
0.0006945984805
0.0006839107195
0.0006738357866
0.0006639973252
0.0006545758281
0.0006450760434
0.0006356635871
0.0006264191725
0.0006173306355
0.0006084714842
0.00059961773
0.0005912310529
0.000582820423
0.0005745376249
0.0005663511909
0.0005584413766
0.000550644528
0.0005429707261
0.0005356124143
0.00052839191
0.000521361757
0.0005143591829
0.0005076253167
0.000501109189
0.0004948291508
0.000488702799
0.0004826722875
0.0004768498593
0.000471274373
0.0004658394037
0.0004604706763
0.0004551934337
0.0004499119403
0.0004449494306
0.0004400355758
0.0004351845269
0.0004303736239
0.000425540959
0.0004207910627
0.0004160935931
0.0004115203131
0.0004070807268
0.0004026200699
0.000398377661
0.000394366828
0.0003905157636
0.0003867845599
0.0003831162798
0.0003795757364
0.0003761425335
0.0003728179597
0.0003697894692
0.0003669296534
0.0003643172119
0.000361874317
0.0003596042027
0.000357532207
0.000355518369
0.0003535863841
0.0003518798066
0.0003504644424
0.0003491793244
0.0003482164722
0.0003472757394
0.0003463392618
0.0003456243848
0.0003450732287
0.0003446262132
0.0003442000584
0.000343862645
0.0003435948898
0.000343255675
0.0003429579323
0.0003426322719
0.0003423030702
0.0003419920609
0.0003417515445
0.0003416848338
0.0003416059517
0.0003414526678
0.0003412000845
0.0003408888186
0.0003404496412
0.0003399211341
0.0003393429704
0.0003386728542
0.0003380026498
0.0003374346197
0.0003369579245
0.0003366082043
0.0003363168507
0.0003361261683
0.000335975601
0.0003358040203
0.0003356014995
0.0003353060913
0.0003348880217
0.0003343025521
0.0003337511512
0.0003331836243
0.00033257335
0.0003319229935
0.000331156815
0.0003302486692
0.0003291778075
0.0003280588862
0.000326797203
0.0003254176361
0.0003238602658
0.0003221110445
0.0003202894863
0.0003183368082
0.000316400424
0.0003144600639
0.0003125180253
0.0003107757072
0.00030928342
0.0003080331666
0.0003069883947
0.0003061452778
0.0003054477257
0.0003047941949
0.0003043239234
0.000304067431
0.0003039662443
0.0003039370585
0.0003039933982
0.0003040772425
0.0003043184881
0.0003048044204
0.0003054974045
0.0003061988153
0.0003067794295
0.0003073009313
0.0003077873764
0.0003081582573
0.0003084259301
0.0003087024748
0.0003089330027
0.0003091049531
0.0003091254874
0.0003091326774
0.0003091385244
0.0003093640741
0.0003097669254
0.0003104791136
0.0003114884592
0.0003129236866
0.000314430676
0.0003158782807
0.0003172225592
0.0003187041069
0.0003203514671
0.0003219357469
0.0003234339092
0.0003247332556
0.0003261229221
0.0003277263776
0.0003294528117
0.0003313047044
0.0003335727663
0.0003362886155
0.0003396232999
0.0003435443199
0.0003481205579
0.0003529326798
0.0003578818535
0.0003633875892
0.0003695756027
0.0003761538674
0.0003832016227
0.0003907638041
0.0003987354959
0.0004074999373
0.0004169912092
0.0004269445704
0.0004370117712
0.0004472316478
0.0004587434308
0.0004713400304
0.000485014261
0.0004994243473
0.0005140546564
0.000528905428
0.0005435101312
0.0005578954674
0.0005719807066
0.0005854546727
0.0005995681656
0.0006149672082
0.0006303931092
0.0006455980921
0.0006607770695
0.0006750556792
0.0006891456505
0.0007028394821
0.0007156695133
0.0007283237624
0.0007388790357
0.0007465126478
0.0007520280091
0.000754790694
0.0007534391625
0.0007492509215
0.0007407953022
0.0007300818216
0.0007187664991
0.000707623805
0.0006943925476
0.0006808805887
0.0006715518491
