644.6458712
455.8333153
372.1863023
322.3227752
288.2942452
263.1754301
243.6530996
227.9166028
214.8818324
203.8548045
194.3679291
186.0931239
178.7924901
172.2887545
166.4467503
161.1613732
156.3494979
151.9444007
147.8918202
144.1471162
140.6731818
137.4388839
134.4178809
131.5877146
128.9291036
126.4253884
124.0620895
121.8265543
119.7076708
117.6956348
115.7817581
113.9583103
112.2183876
110.5558021
108.9649892
107.4409293
104.5753236
103.2259092
101.9274195
99.47097843
98.30753633
96.09809846
95.04781571
93.04658742
92.09223949
90.26845277
88.54889882
86.92401303
85.38541608
83.92573155
82.53843667
81.21773937
79.95847628
78.75602768
77.04992316
75.9722519
74.43730543
73.46423014
72.07361913
70.7591013
69.51398097
68.33235932
67.20901641
66.13931396
64.78939728
63.82950686
62.61360289
61.74594172
60.6432547
59.59761087
58.60425585
57.42971299
56.53928428
55.48239266
54.67826614
53.72061519
52.81158249
51.77934839
50.96388622
50.03438979
49.15396495
48.31844058
47.52412566
46.76774041
45.92934424
45.13448074
44.37950856
43.56140461
42.88149403
42.14212491
41.35437783
40.6900305
39.97960424
39.30513782
38.59434775
37.92077829
37.28129061
36.67310436
36.03730945
35.38007891
34.80817429
34.21485106
33.60512465
33.02687958
32.47749704
31.91547302
31.34454466
30.80320483
30.28898334
29.76790707
29.24270925
28.74437055
28.24353741
27.76801054
27.29124548
26.81500986
26.36287456
25.91192234
25.46347559
25.01868844
24.59643463
24.17785845
23.74768327
23.33969457
22.9375232
22.55546365
22.16565808
21.78296518
21.40764392
21.03988799
20.67983366
20.31747719
19.97354503
19.62832363
19.29179229
18.95562842
18.62869835
18.31076529
17.99458305
17.68761108
17.38322786
17.08208233
16.79041077
16.50241851
16.21853787
15.9391291
15.66448741
15.39484961
15.13040054
14.87127898
14.61383893
14.36226661
14.11656219
13.87350036
13.63655914
13.40276377
13.17244748
12.94588652
12.72330592
12.5048848
12.29076147
12.0810382
11.87378606
11.66935284
11.46983005
11.27347549
11.0804996
10.89107172
10.70532451
10.52197343
10.34261582
10.16604001
9.992450537
9.822013429
9.654860323
9.491092306
9.329825582
9.171257765
9.015550344
8.862832466
8.712429445
8.565271093
8.420706454
8.278209395
8.139242205
8.002001672
7.867858505
7.736309275
7.606945301
7.479920061
7.355358579
7.233360457
7.113187554
6.995797995
6.880493311
6.767753497
6.656976815
6.548615206
6.44214838
6.33799771
6.236236721
6.136176316
6.038447585
5.942886922
5.849363938
5.757777189
5.668423756
5.581009686
5.495638314
5.412393636
5.331047193
5.2517019
5.174441875
5.099211385
5.025853599
4.954578172
4.885244197
4.817938506
4.752641962
4.689343653
4.628039617
4.568731685
4.511494597
4.456261255
4.403045816
4.351919388
4.302786474
4.255771799
4.210797442
4.16797312
4.127198593
4.088577731
4.052066265
4.017723489
3.985544874
3.95555555
3.927737149
3.902120934
3.87874834
3.857593699
3.838696003
3.82204183
3.807672766
3.795578472
3.785770899
3.778264136
3.773060867
3.770167936
3.769589906
3.77133013
3.775389233
3.781771848
3.790473415
3.801491853
3.814830051
3.830473021
3.848427177
3.868686713
3.891235288
3.916078332
3.943195219
3.972589704
4.004236415
4.038146916
4.074312956
4.112703162
4.153337562
4.196192543
4.241264693
4.288538176
4.338030291
4.389711424
4.443596969
4.49967813
4.557956687
4.618421527
4.681084072
4.745954674
4.813018919
4.882308491
4.953806717
5.027531123
5.103497909
5.181721925
5.262216683
5.344983005
5.430066037
5.517486285
5.607240524
5.699380011
5.793920751
5.890888339
5.990328266
6.09227314
6.196743315
6.303799506
6.413468767
6.525797116
6.640838508
6.758624595
6.879234833
7.002696634
7.129084442
7.258450631
7.390864373
7.526382887
7.665079727
7.807025772
7.952298424
8.100972452
8.253137758
8.408872613
8.568270118
8.73142053
8.898428286
9.069386492
9.244402232
9.423579748
9.60704475
9.794911724
9.987300359
10.18434318
10.38616971
10.59292197
10.80474653
11.02179445
11.24421393
11.47217975
11.70584899
11.94539773
12.19102044
12.44289434
