1642.203787
1008.379821
777.3099565
652.3307098
571.9904103
515.0560135
472.1016784
438.2520981
410.709698
387.7434136
368.2188906
351.3584989
336.6093805
323.5664979
311.925544
301.4529396
291.966057
283.3197953
275.3972335
268.1029755
261.3583173
255.0976765
249.2659108
243.8162772
238.7088575
233.9093299
229.3880002
225.1190301
221.079817
217.2504918
213.6135081
210.1533048
206.8560266
203.7092911
200.7019933
197.8241414
192.4215583
189.8812549
187.4390645
182.8249435
180.6422332
176.5017977
174.5356986
170.7931544
169.0100929
165.605596
162.3992126
159.3724594
156.5091796
153.7951799
151.2179334
148.7663369
146.4305093
144.2016236
141.0417229
139.0472873
136.2085998
134.4102377
131.841836
129.4157041
127.1191847
124.941143
122.8717382
120.9022371
118.4183132
116.6530666
114.4181976
112.8242148
110.7994243
108.880362
107.0581446
104.904652
103.2728618
101.3368882
99.86455258
98.11182727
96.44879553
94.56120892
93.07064743
91.3723191
89.76431256
88.23890639
86.78927253
85.40934771
83.88036114
82.43130711
81.0554663
79.5651181
78.32694996
76.98095144
75.54740034
74.33883286
73.04686861
71.82071517
70.52897003
69.30529309
68.14392203
67.03975488
65.88584299
64.69344221
63.65619664
62.58045624
61.47535667
60.4276807
59.43263582
58.41504338
57.38169962
56.40226401
55.47222212
54.53011901
53.58091748
52.68059739
51.77611355
50.91766036
50.05730415
49.19824702
48.38299239
47.57020194
46.76226715
45.96127309
45.20119065
44.44806024
43.67441825
42.94102619
42.21843745
41.53231527
40.83262874
40.14606369
39.47307926
38.81401631
38.16911174
37.52045504
36.9051393
36.28788462
35.68653768
35.08622821
34.50278945
33.93578346
33.37228472
32.82558395
32.28388331
31.74834365
31.23004723
30.71868756
30.21503355
29.7197237
29.23327886
28.75611446
28.28855207
27.83083013
27.37650957
26.93297761
26.50022279
26.07256055
25.65610518
25.24562104
24.84169296
24.44480315
24.05534142
23.673615
23.29985778
22.93423885
22.57339139
22.21792172
21.87145839
21.53096599
21.19680403
20.86925824
20.54854866
20.23245172
19.92371359
19.62023865
19.32237179
19.03038899
18.74450481
18.46487929
18.18999307
17.92017482
17.65568876
17.39674151
17.14217791
16.89355845
16.64976789
16.40990804
16.17642402
15.94627058
15.7217318
15.50194535
15.28621205
15.07477162
14.86781362
14.6654829
14.46653647
14.27253966
14.0823151
13.89663149
13.714474
13.53656153
13.36201469
13.19149833
13.02510418
12.86167754
12.70222027
12.5464342
12.39407517
12.2449455
12.09949512
11.9572106
11.81822413
11.68263546
11.55003418
11.42054838
11.29427499
11.17108177
11.05066864
10.93333563
10.818806
10.70717696
10.59837014
10.49231946
10.38896906
10.28827169
10.19030427
10.09490119
10.00203385
9.911774519
9.823900794
9.738581934
9.655623135
9.575174013
9.496992463
9.421222891
9.347725711
9.276567324
9.207688416
9.141093547
9.076691006
9.014500758
8.954580021
8.896819302
8.841281061
8.787882478
8.736718697
8.687721954
8.640899892
8.596288166
8.553874971
8.513680017
8.475708216
8.440007105
8.406590672
8.375468645
8.346700145
8.320319484
8.296359278
8.274887424
8.255941896
8.239587159
8.225897401
8.214938111
8.206794817
8.201550135
8.199299682
8.200142333
8.204188694
8.211551457
8.222359781
8.236742727
8.254841824
8.276801617
8.302791033
8.332963943
8.367506846
8.406601266
8.450443725
8.499228739
8.553176364
8.612515597
8.677459984
8.748274745
8.825184431
8.908454757
8.998358151
9.095172684
9.199181014
9.310653691
9.429926392
9.557309011
9.693079503
9.837601354
9.991189768
10.1541777
10.32693602
10.50981873
10.70315983
10.90737109
11.12280538
11.3498544
11.58893034
11.84040219
12.10474458
12.38232361
12.6736128
12.97904093
13.29908047
13.63418002
13.98483294
14.35153194
14.73479245
15.13512924
15.55310456
15.98925624
16.44417035
16.91843299
17.41267987
17.92752209
18.46362092
19.02163804
19.60231187
20.20635641
20.83451189
21.48757081
22.16632682
22.87162643
23.60434352
24.3653794
25.15563662
25.97612412
26.82779975
27.71170177
28.62894947
29.58061071
