128.520152
147.2402854
152.5084968
145.6017119
134.8907717
124.2161901
114.945907
107.2380181
100.900921
95.65532952
91.21668352
87.36810035
83.96839117
80.94202213
78.23373984
75.77371843
73.52615195
71.46540898
69.57150865
67.81084666
66.16777072
64.63434138
63.2016335
61.85876944
60.58274964
59.36239565
58.2103052
57.12835817
56.10221801
55.13366568
54.22605159
53.36771238
52.54579345
51.75737236
51.00311134
50.28272139
48.9113253
48.26136168
47.63578988
46.45899945
45.90640437
44.85773363
44.35364867
43.39909274
42.95029057
42.11426226
41.34598299
40.61386914
39.91465343
39.25021167
38.60866376
38.00267705
37.41500584
36.8650551
36.09846119
35.60383327
34.91237377
34.47925643
33.87130477
33.29775344
32.73980591
32.21054817
31.70659216
31.22512475
30.60987469
30.17783087
29.60744444
29.19106819
28.65717403
28.14658236
27.65981765
27.07319863
26.55491367
25.90067316
25.40020236
24.82183693
24.26759598
23.64314147
23.16396057
22.62029024
22.11356929
21.63240321
21.19872462
20.78760415
20.34305192
19.91739738
19.52307154
19.0932247
18.73481338
18.34061482
17.92749303
17.56588421
17.2951746
17.08962193
16.87285404
16.65523269
16.44359866
16.24251794
16.01556816
15.78774252
15.57240903
15.34000527
15.07269372
14.80443673
14.56814289
14.33075269
14.11140604
13.90678602
13.70921984
13.5145283
13.31062469
13.10927322
12.96417515
12.85296318
12.72789486
12.58815843
12.44602052
12.29045193
12.12987981
11.99016516
11.87715405
11.75732907
11.63896336
11.52437155
11.39066726
11.24815581
11.08455876
10.91947021
10.74549806
10.57882555
10.42003429
10.27348157
10.09194937
9.878286383
9.664188576
9.454387767
9.252143766
9.062032986
8.874754685
8.651686025
8.425440759
8.223729268
8.040687759
7.868747162
7.705354827
7.540175819
7.402370402
7.270327009
7.156478101
7.043817097
6.927826391
6.810534043
6.690574086
6.576316365
6.451559639
6.331579545
6.226016684
6.134768089
6.046423135
5.969696684
5.913527303
5.840851371
5.764444204
5.679334459
5.55598276
5.439702158
5.309658993
5.190414646
5.085474285
4.997146251
4.927840568
4.858387449
4.808699925
4.745806668
4.708944254
4.67907359
4.656282621
4.624628984
4.575293111
4.503517466
4.421673446
4.349858268
4.289841111
4.233078736
4.175366729
4.121851511
4.082464168
4.042646707
3.978344576
3.901972765
3.840164187
3.794235168
3.75160986
3.724923941
3.711665449
3.683049297
3.637022523
3.600064539
3.569611207
3.541790473
3.521529356
3.481111149
3.434845792
3.407563305
3.389703967
3.386776309
3.359074796
3.332353494
3.308938833
3.291898498
3.258157544
3.228161045
3.208655923
3.195191236
3.161211744
3.129914568
3.101045927
3.055782205
3.018911894
2.991535171
2.952646961
2.920453005
2.884946022
2.843561279
2.80976102
2.764396475
2.724224619
2.677552921
2.639727122
2.598385342
2.559834071
2.514384541
2.477694311
2.433977713
2.393838001
2.359347177
2.328306559
2.298167639
2.269007715
2.241188724
2.208891448
2.181581438
2.153592631
2.125624389
2.102906104
2.075880464
2.049560829
2.017452925
1.987760428
1.955951553
1.928920411
1.902307001
1.881094922
1.860687656
1.842432652
1.821756097
1.800074553
1.781505021
1.761182061
1.737510815
1.713529822
1.687270544
1.657313717
1.627195976
1.598302197
1.571048878
1.544766114
1.51931096
1.49478592
1.468565585
1.439212143
1.409748229
1.379088409
1.348669395
1.317144137
1.284418152
1.251813478
1.219959999
1.197048943
1.183838037
1.176238994
1.170052744
1.165464977
1.164128106
1.164815988
1.164499459
1.164698361
1.163400537
1.160175337
1.15795031
1.159780304
1.16307665
1.164773032
1.164410028
1.165668639
1.169061801
1.175288069
1.182041497
1.18308299
1.175424775
1.165880194
1.151011361
1.13813876
1.125641604
1.108042718
1.084003093
1.071435982
1.06599526
1.059802203
1.051539809
1.040648217
1.033468721
1.022022315
1.013222644
1.008257106
0.9982697747
0.9778045983
0.9642359713
0.9553280483
0.9569239545
0.9564639616
0.9563883862
0.9499127286
0.9386497215
0.9210132415
0.8981576788
0.8789638562
0.8531283973
0.861302289
0.8669520566
0.8750043264
0.8771735736
