262.820185
401.6689435
472.4386047
488.907856
477.6589575
455.5457013
431.0204282
407.6575909
386.7965695
368.6688159
352.9288769
339.1965973
327.1929658
316.6278665
307.2456396
298.8397411
291.1642783
284.0063584
277.2585381
270.8891779
264.8965942
259.3000687
254.0973907
249.2439952
244.663713
240.289129
236.0819875
232.03292
228.1494624
224.4381624
220.8854048
217.4747454
214.2106438
211.1098295
208.19068
205.4524305
200.4263684
198.0795954
195.8149396
191.5698764
189.5972912
185.8176265
183.972113
180.3744579
178.6153316
175.2370337
172.162967
169.3252282
166.6433983
164.0776984
161.6330845
159.3000871
156.9915907
154.7099692
151.4296976
149.3025053
146.1665354
144.1890781
141.4270777
138.8236982
136.2335671
133.7073452
131.2675405
128.9823074
126.1259134
124.091469
121.3886318
119.4577129
117.0233734
114.7334809
112.4942953
109.8813868
107.3917877
104.2852513
101.8710446
99.11968142
96.58611508
93.73579644
91.4971753
89.00245064
86.74705016
84.7019442
82.93097897
81.24640511
79.4362214
77.66835652
75.9662906
73.99889861
72.33841777
70.54821997
68.78181691
67.21453918
66.91350131
67.27144146
67.69687503
67.84121584
67.94103902
67.96219189
67.96565041
67.89921279
67.69115382
67.31498214
66.76423196
66.11381068
66.08240986
66.08856714
66.03982483
65.92556215
65.77011072
65.58266588
65.30184651
64.98705357
64.51147756
64.00860497
63.41563781
62.72955358
62.05659536
61.36380078
60.56192382
59.68132178
58.88364851
58.06535872
57.20355799
56.36978544
54.56961245
52.86492914
51.19872559
49.65826178
48.15041366
46.64030695
45.22440848
43.86615217
42.22227635
40.43608755
38.83221813
37.41457312
36.01402039
34.64794227
33.35504439
32.04339657
30.71699531
29.48980073
28.34583282
27.1591508
26.62700751
26.0594687
25.74172368
25.57574563
25.59435985
25.6795152
25.51959923
25.21322439
24.64538176
24.00005918
23.06175907
22.21095157
21.60028454
21.26252306
21.07574909
21.14150573
21.19337641
21.16708535
21.07556024
21.06231975
20.73566874
20.41184885
19.63476836
18.6696945
17.6051271
16.69166394
16.16561865
15.72972397
15.49503254
15.17412285
15.31381474
15.56062333
15.65224078
15.24806361
14.6612866
14.01279859
13.35506148
12.9089369
12.85846363
12.75009178
12.2599809
11.93637501
11.98647765
12.03482841
11.98155561
11.55829234
10.92046329
10.64193907
10.52787078
10.77744802
10.87593567
10.56158088
10.166701
10.08108917
10.01904855
9.789070462
9.88318105
9.856782591
9.378155979
9.169093958
9.208622647
9.200057849
8.861975457
8.743649629
8.544408488
8.560297344
8.450433769
8.13104664
8.126780801
8.050956626
7.797441062
7.676349995
7.664201382
7.411647181
7.239228497
7.217416732
6.996350941
6.861690456
6.812033247
6.573663618
6.5737819
6.413967987
6.318121578
6.127258941
6.10736317
5.910931146
5.827459093
5.65274852
5.61701638
5.47297242
5.393640433
5.291689718
5.159191085
5.091034686
5.017007414
4.900864788
4.795536455
4.729488845
4.634945641
4.537696531
4.449983274
4.351481461
4.295718813
4.224390696
4.156047216
4.090036782
4.034205826
3.979835646
3.955024734
3.925074293
3.905194402
3.870176095
3.841794018
3.840181488
3.819933418
3.819484649
3.821632178
3.803932329
3.802145319
3.798505468
3.778956447
3.753351078
3.737744255
3.732915091
3.728403771
3.730741404
3.737877689
3.748394346
3.761810929
3.78115608
3.8177308
3.8664625
3.912755653
3.974176689
4.033665118
4.08566448
4.149180728
4.220875367
4.292698892
4.379586358
4.463771863
4.557328534
4.668330385
4.787164756
4.915677573
5.041087611
5.170622925
5.31362554
5.466260068
5.622085024
5.789738735
5.969091859
6.158387549
6.346168484
6.542549507
6.7501203
6.969781068
7.193318335
7.429169067
7.676317919
7.941482913
8.21265152
8.487783563
8.765696767
9.041026912
9.325432642
9.614853711
9.89792089
10.17298712
10.44890319
10.71587597
10.96948995
11.21058409
11.44358373
11.6712108
11.89238509
12.10388104
12.29880313
12.46769519
12.60258117
12.69316126
12.75640036
12.8320979
12.91809675
13.01071403
13.0774701
13.1304913
13.22459551
