0.01836017608
0.01298364588
0.01060196115
0.009182313202
0.008213578061
0.007498546216
0.006942869298
0.006494987648
0.006124031008
0.005810238322
0.00554029528
0.005304860111
0.005097159031
0.004912144558
0.004745968157
0.00459563731
0.004458785305
0.004333512451
0.004218273897
0.004111798732
0.004013030534
0.003921082967
0.003835206123
0.003754760654
0.003679197666
0.003608042901
0.003540884178
0.003477361324
0.003417158025
0.003359995197
0.003305625531
0.003253828989
0.003204409057
0.003157189606
0.003112012253
0.003068734124
0.00298737048
0.002949061014
0.002912200275
0.002842476744
0.002809457688
0.002746760341
0.002716960051
0.002660184888
0.002633113195
0.002581384654
0.002532620396
0.002486548264
0.002442929837
0.002401555235
0.002362238875
0.002324815967
0.002289139615
0.002255078391
0.002206760065
0.002176245691
0.002132792272
0.002105250673
0.002065899205
0.002028710029
0.001993492716
0.001960079506
0.001928321956
0.001898088168
0.001859945216
0.001832830428
0.001798493483
0.001773997783
0.001742875613
0.001713372923
0.001685354571
0.001652237633
0.001627140559
0.001597362408
0.001574714167
0.001547751628
0.00152216819
0.001493130207
0.001470200401
0.001444075578
0.00141934186
0.001395880788
0.001373587547
0.00135236901
0.00132886204
0.00130658808
0.001285443769
0.001262545008
0.001243525653
0.001222855363
0.001200847439
0.001182299566
0.001162478572
0.001143674278
0.001123872158
0.001105121814
0.001087334273
0.001070430739
0.00105277448
0.001034539457
0.001018686184
0.001002254029
0.0009853841339
0.0009694015598
0.0009542321871
0.0009387301232
0.000923000263
0.000908103041
0.0008939686097
0.0008796629998
0.0008652626826
0.0008516168018
0.0008379211635
0.0008249356105
0.000811934796
0.0007989678876
0.0007866760838
0.0007744356936
0.0007622833168
0.0007502508013
0.0007388478748
0.0007275644442
0.0007159903114
0.0007050347145
0.0006942569243
0.0006840389294
0.0006736356868
0.0006634448411
0.0006534730753
0.0006437252476
0.000634204614
0.0006246472467
0.0006155993037
0.0006065415336
0.0005977360991
0.0005889654025
0.0005804608476
0.00057221532
0.0005640407786
0.0005561298992
0.0005483117354
0.0005406033949
0.0005331640078
0.0005258451778
0.0005186580034
0.0005116115862
0.00050471323
0.0004979686308
0.0004913820564
0.0004849565143
0.0004786016958
0.0004724209196
0.0004664134104
0.0004605000606
0.0004547651472
0.0004491362047
0.0004436212607
0.0004382267934
0.0004329578912
0.0004278184053
0.0004228110919
0.0004179377463
0.0004131533196
0.0004084659503
0.0004039231021
0.0003994844924
0.0003951545968
0.0003909368033
0.000386833537
0.0003828161631
0.000378919301
0.0003751161066
0.0003714107144
0.0003678062597
0.0003643049927
0.0003609083859
0.0003575976693
0.0003543766468
0.0003512482019
0.0003482144037
0.0003452614787
0.0003424071898
0.0003396382875
0.0003369444718
0.0003343527826
0.0003318290927
0.0003293982454
0.0003270503818
0.0003247778154
0.0003225829372
0.0003204674625
0.000318432513
0.0003164654797
0.0003145816246
0.0003127691772
0.0003110352022
0.0003093700125
0.0003077800297
0.0003062572788
0.0003048074898
0.0003034310942
0.0003021185369
0.0003008778943
0.0002997065907
0.0002986027151
0.0002975649213
0.0002965962942
0.0002956933728
0.0002948571053
0.0002940880595
0.0002933840088
0.0002927458628
0.0002921741746
0.0002916684051
0.0002912276263
0.0002908532121
0.0002905445119
0.0002903021171
0.0002901261381
0.0002900168301
0.0002899745695
0.0002899998345
0.0002900930336
0.0002902548039
0.0002904858507
0.0002907865594
0.0002911583923
0.0002916013834
0.0002921173023
0.0002927059949
0.0002933701339
0.0002941095277
0.0002949265494
0.0002958215898
0.0002967964916
0.0002978523922
0.0002989921757
0.0003002171448
0.0003015276297
0.0003029276999
0.0003044177455
0.0003060021033
0.0003076801474
0.0003094563637
0.0003113332925
0.0003133124074
0.0003153973938
0.000317590901
0.0003198967646
0.0003223165567
0.0003248541859
0.0003275148398
0.0003303001737
0.0003332142552
0.0003362624482
0.0003394464515
0.0003427729709
0.0003462462866
0.0003498694257
0.0003536492813
0.0003575889388
0.0003616953954
0.0003659717774
0.0003704264902
0.0003750653725
0.0003798916159
0.0003849151126
0.0003901404497
0.0003955749227
0.0004012245027
0.0004070992783
0.0004132039147
0.0004195485748
0.0004261407143
0.0004329891923
0.0004401015051
0.0004474879504
0.000455158863
0.0004631218014
0.0004713899531
0.0004799709116
0.0004888765058
0.0004981185928
0.0005077090529
0.0005176597855
0.0005279812776
0.0005386897347
0.0005497985375
0.0005613182109
0.0005732664552
0.0005856566877
0.0005985037704
0.0006118254605
0.0006256380913
0.0006399565582
0.0006548015517
0.0006701894344
0.0006861394737
0.0007026724014
0.0007198060515
0.0007375655403
0.000755968717
0.000775040721
0.0007948037869
0.0008152830766
0.0008365022989
0.0008584880936
0.0008812671092
0.0009048674664
0.0009293172931
0.0009546476576
0.0009808881688
0.001008071378
0.001036229843
0.001065399069
0.0010956131
0.001126908923
0.001159323536
0.001192898359
0.001227673348
0.001263689937
0.001300992516
0.001339625481
0.001379636184
0.001421073459
0.001463987625
0.001508429004
0.001554453832
0.001602115398
0.00165147143
0.001702584091
0.0017555126
