0.01679500711
0.01187730242
0.009699080624
0.00840080712
0.007514954934
0.006861141926
0.006353072361
0.005943588153
0.005604454903
0.005317599153
0.005070843824
0.004855645193
0.004665808236
0.004496716793
0.004344851253
0.004207474889
0.004082423325
0.003967959295
0.003862670056
0.003765393394
0.003675163249
0.003591169112
0.003512725237
0.003439246988
0.003370232446
0.003305247948
0.003243916598
0.00318590906
0.003130936108
0.003078742557
0.00302910228
0.002981814091
0.002936698309
0.002893593899
0.00285235605
0.002812854134
0.002738596338
0.002703635707
0.002669999137
0.002606379805
0.002576254186
0.002519055956
0.002491871815
0.002440085424
0.002415394665
0.002368219717
0.002323753294
0.002281746619
0.002241981757
0.002204266868
0.002168432322
0.002134327502
0.002101818147
0.002070784136
0.002026766469
0.001998972108
0.001959397756
0.001934318405
0.001898490134
0.001864636394
0.001832583179
0.0018021772
0.001773282825
0.001745779543
0.001711088299
0.001686432159
0.001655214924
0.001632949229
0.001604665903
0.001577860392
0.001552409257
0.001522334298
0.0014995483
0.001472519082
0.001451966764
0.001427505528
0.001404301908
0.00137797311
0.001357188944
0.001333515905
0.001311110813
0.001289865543
0.00126968443
0.001250482482
0.001229217097
0.001209074782
0.001189961232
0.001169270075
0.001152091236
0.00113342869
0.001113567408
0.001096836228
0.00107896463
0.001062017752
0.001044180461
0.001027299371
0.001011293391
0.0009960907121
0.0009802195859
0.0009638378129
0.0009496040377
0.0009348590624
0.000919730767
0.000905407467
0.0008918216891
0.00087794716
0.0008638787124
0.0008505646483
0.0008379414317
0.0008251747939
0.0008123336836
0.0008001750498
0.0007879820345
0.0007764308181
0.0007648758255
0.000753361168
0.0007424558245
0.0007316060064
0.0007208444097
0.0007101994115
0.0007001214142
0.0006901590243
0.0006799507337
0.0006702984537
0.0006608131767
0.0006518304239
0.000642695075
0.0006337566702
0.0006250208126
0.0006164914626
0.0006081711406
0.0005998292764
0.0005919421639
0.0005840567057
0.0005764010827
0.0005687859761
0.0005614121234
0.0005542727595
0.0005472048056
0.0005403745634
0.0005336340907
0.000526998061
0.0005206030419
0.0005143210056
0.0005081612603
0.0005021313346
0.0004962371583
0.000490483236
0.0004848728103
0.0004794080142
0.0004740117709
0.0004687715011
0.0004636860168
0.0004586879646
0.0004538481649
0.0004491050149
0.0004444649416
0.0004399330161
0.0004355130991
0.0004312079781
0.0004270194969
0.0004229486744
0.0004189574629
0.0004150522834
0.0004112722102
0.0004075832373
0.000403988644
0.0004004907838
0.0003970911965
0.0003937657113
0.0003905425274
0.0003873989708
0.0003843380045
0.0003813617548
0.0003784716121
0.0003756683253
0.0003729359423
0.0003702771404
0.0003676938376
0.0003651872845
0.0003627456382
0.0003603831313
0.0003580883551
0.0003558522978
0.0003536969704
0.0003515935463
0.0003495622741
0.000347594516
0.0003456833806
0.0003438304141
0.0003420366287
0.0003403025719
0.000338617034
0.0003369926632
0.0003354189224
0.0003339015443
0.0003324316397
0.0003310144519
0.0003296424389
0.0003283203182
0.0003270481654
0.0003258166859
0.0003246329834
0.000323494278
0.0003223983064
0.0003213432426
0.0003203318186
0.0003193600223
0.0003184283826
0.0003175371481
0.0003166832598
0.0003158672365
0.0003150893357
0.0003143483936
0.0003136423499
0.0003129727073
0.0003123376243
0.0003117374193
0.0003111714441
0.0003106391638
0.0003101401394
0.0003096740128
0.0003092409996
0.000308840253
0.0003084716009
0.0003081352619
0.0003078303947
0.0003075575929
0.000307316253
0.0003071068467
0.0003069288259
0.0003067826506
0.0003066681874
0.0003065857203
0.0003065353649
0.00030651735
0.0003065319511
0.0003065795384
0.0003066604026
0.000306775099
0.000306923987
0.0003071078438
0.0003073269343
0.0003075821752
0.0003078743184
0.0003082039735
0.000308572147
0.0003089797284
0.0003094278791
0.0003099173645
0.000310449448
0.000311025741
0.0003116471504
0.000312315145
0.0003130315627
0.0003137974367
0.000314615049
0.000315486176
0.000316412327
0.000317396059
0.000318439015
0.0003195439324
0.0003207125824
0.0003219482459
0.0003232535958
0.0003246306206
0.0003260832948
0.0003276141653
0.0003292266428
0.0003309238327
0.0003327101739
0.0003345885596
0.0003365636569
0.0003386394059
0.0003408202854
0.0003431104404
0.000345515018
0.0003480393004
0.0003506877611
0.0003534668531
0.0003563812721
0.0003594372443
0.0003626411305
0.0003659994193
0.0003695187206
0.0003732052457
0.0003770673603
0.0003811125511
0.0003853473572
0.0003897810518
0.0003944214465
0.0003992769823
0.0004043572997
0.0004096716089
0.0004152286482
0.0004210394924
0.000427113624
0.0004334617398
0.0004400952051
0.0004470242928
0.0004542622891
0.0004618195956
0.0004697096481
0.0004779447493
0.0004865384668
0.0004955038045
0.0005048550379
0.0005146064861
0.0005247731295
0.0005353699781
0.0005464133403
0.0005579189112
0.0005699036864
0.00058238468
0.0005953802239
0.0006089080083
0.0006229870422
0.00063763634
0.0006528769192
0.0006687291418
0.0006852140379
0.0007023539884
0.0007201713776
0.0007386899498
0.0007579341381
0.0007779290647
0.0007986998513
0.0008202743826
0.0008426791664
0.0008659427904
0.0008900959424
0.0009151679234
