0.001911415282
0.003385113854
0.004412108433
0.005008266578
0.005290198509
0.005364236998
0.005309999292
0.005187764717
0.005035031684
0.004871506294
0.004709183354
0.004556463407
0.004416871161
0.004289343882
0.004171549119
0.00406189164
0.003959858364
0.003865539488
0.003778419119
0.003697184459
0.003620912099
0.003549437091
0.003482401179
0.003418881035
0.003358103831
0.003299877728
0.003244382118
0.003191827198
0.003142082603
0.003094697759
0.003049417848
0.0030062971
0.002965209383
0.002925703974
0.00288742412
0.002850320746
0.002780068141
0.002747029623
0.002715299232
0.002655430684
0.002627075084
0.002572618721
0.002546366556
0.002496053345
0.002472067138
0.002426267183
0.002383174194
0.002342088727
0.002302761282
0.002265223596
0.002229609482
0.002195797478
0.002163209085
0.002131879352
0.002087514888
0.002059586969
0.002019514297
0.001993941304
0.001957427164
0.001923157279
0.001890642444
0.001859755828
0.00183058924
0.00180289574
0.001767937523
0.001743147468
0.001711716919
0.001689370146
0.00166097792
0.001634097038
0.001608758686
0.001578753124
0.001555904893
0.001528589062
0.001507688607
0.001482592519
0.001458593709
0.00143114563
0.001409430483
0.001384582365
0.001360903938
0.001338396127
0.001316886786
0.001296353682
0.001273608593
0.001252229206
0.001231882584
0.001209745739
0.001191286078
0.001171117828
0.00114970845
0.001131470996
0.001112226559
0.001094189351
0.001075399821
0.001057698563
0.00104106811
0.001025206794
0.001008631812
0.0009916165381
0.0009769047117
0.0009616886323
0.0009459561582
0.0009310780078
0.0009170874523
0.0009026904954
0.0008880267495
0.0008741497304
0.0008610873135
0.0008478765491
0.0008345815917
0.0008220931183
0.0008094207007
0.0007972880894
0.0007850959799
0.0007728226923
0.0007610220073
0.0007493517054
0.0007376543244
0.0007259466797
0.000714887648
0.0007039706155
0.0006929937788
0.0006825983866
0.0006722036362
0.0006624115506
0.0006526124722
0.0006432581125
0.0006340631474
0.0006251086928
0.0006164267184
0.0006078810264
0.0005999606479
0.0005920350288
0.0005843839359
0.0005767035023
0.0005693543875
0.0005621906882
0.0005552856484
0.0005487321448
0.0005422710364
0.0005358939318
0.0005297076101
0.0005236855844
0.0005177845219
0.0005119713682
0.0005061142933
0.0005000679459
0.0004940981992
0.0004882930795
0.0004824547294
0.0004768319508
0.000471170738
0.0004654644122
0.0004599261877
0.0004544349507
0.00044894621
0.0004436704331
0.0004385127239
0.0004334121077
0.0004284207828
0.0004235802859
0.0004189047016
0.0004142958226
0.0004098410125
0.0004053385277
0.000400851377
0.0003965387044
0.0003923645751
0.000388162061
0.0003840369802
0.0003798699826
0.0003758623304
0.000372166679
0.0003685928777
0.0003654170148
0.0003623792865
0.0003593690746
0.0003563808861
0.0003532868691
0.0003502218717
0.0003472957137
0.0003444047805
0.0003416830899
0.0003391068004
0.0003366911018
0.0003343708181
0.000332136614
0.0003299888994
0.0003280338511
0.0003262409894
0.000324461319
0.0003226068002
0.0003207781632
0.0003189337419
0.0003170655783
0.0003151843002
0.0003133820279
0.0003115663691
0.0003098794331
0.0003081745127
0.0003063838286
0.0003044670673
0.0003024289053
0.0003002360262
0.000297964574
0.0002956804855
0.0002931807779
0.0002905784604
0.0002880078132
0.0002856081177
0.0002834785012
0.0002816098502
0.0002798372408
0.0002782603559
0.0002768246765
0.0002755306106
0.0002744046555
0.0002737020521
0.0002733714364
0.0002733066653
0.0002734728468
0.0002738855384
0.0002745883035
0.000275657359
0.0002770112677
0.0002786941025
0.0002807667416
0.0002830984724
0.0002855279355
0.0002879531928
0.0002903580619
0.0002927180495
0.0002950847004
0.0002974070038
0.0002996810271
0.0003020303132
0.0003043202145
0.0003064603162
0.0003085274962
0.0003105713954
0.000312557336
0.0003145262057
0.0003164141157
0.0003181468147
0.0003196566696
0.0003208616247
0.0003219794697
0.0003230654102
0.0003242518744
0.0003255479426
0.0003268896504
0.0003283214317
0.0003299467175
0.0003317990139
0.0003340223552
0.0003363825847
0.0003390825409
0.0003420397978
0.0003451837842
0.0003484302484
0.0003518526486
0.000355443137
0.0003592975504
0.0003635602055
0.0003684247261
0.0003737633251
0.0003794684541
0.0003854790719
0.0003916522194
0.0003980020756
0.000404657285
0.0004115257577
0.0004184858042
0.0004255650857
0.0004325407799
0.0004394506883
0.0004461974864
0.0004528191919
0.0004592616312
0.0004656458327
0.0004720275009
0.0004786606932
0.0004855911241
0.0004927857001
0.0005001582622
0.0005078686127
0.0005157616988
0.0005238267598
0.000532213628
0.0005411083396
0.0005507361044
0.0005609970193
0.0005718598349
0.0005834095917
0.0005959600571
0.0006098716883
0.0006254257179
0.0006423708936
0.0006608973576
0.0006810315248
0.0007028508985
0.0007261046929
0.0007505209703
0.0007762159078
0.0008028869274
0.0008305038728
0.0008590535193
0.0008882070419
0.0009174943346
0.0009467466724
0.0009759222962
0.001005684282
0.001036269166
0.001067705007
0.001100318273
0.001134169093
0.00116876037
0.001204950173
0.00124222976
0.001279600102
0.001317189007
0.001354370735
0.001392393126
0.001430514291
0.001469322808
0.001509449945
0.001553057186
0.001600074907
0.001650026264
0.001700559617
0.001751770652
