325.1460278
229.9031468
187.7127472
162.5631595
145.4005875
132.7318738
122.8858534
114.9492675
108.3753202
102.8139877
98.02943402
93.85618733
90.17426142
86.89424754
83.94797382
81.28243082
78.8556942
76.63411196
74.59031758
72.70179696
70.94983537
69.31873102
67.79519874
66.3679119
65.02714615
63.76449934
62.57266895
61.44527377
60.37670963
59.36203182
58.39685857
57.47729124
56.59984791
55.76140784
54.95916462
54.19058669
52.74547727
52.06497738
51.41016008
50.17140216
49.58469243
48.47050368
47.94086261
46.93167822
46.45041898
45.53072176
44.66359099
43.84420296
43.06833178
42.33225731
41.63268997
40.96670866
40.33170938
39.72536229
38.86504642
38.32162578
37.54762641
37.05695432
36.35574427
35.69290839
35.06506992
34.46925397
33.90282805
33.363453
32.68279109
32.19879399
31.58571418
31.14822781
30.59224254
30.06502365
29.56417344
28.97197403
28.52302818
27.99015851
27.58473338
27.10190889
26.64360153
26.12318585
25.71206374
25.24345584
24.79959323
24.37837242
23.97793204
23.59661814
23.17396619
22.77326585
22.39268083
21.9802773
21.63754199
21.26484014
20.86775891
20.53288596
20.17479261
19.83483127
19.47656817
19.13707251
18.81476147
18.50823302
18.18779647
17.85656415
17.56834119
17.26933071
16.96206131
16.67066427
16.39381906
16.11061099
15.82292402
15.55015436
15.29105648
15.02851243
14.76389995
14.51282797
14.26050743
14.02094414
13.78076517
13.54086136
13.31310624
13.08595532
12.86007495
12.63604665
12.42337622
12.21256646
11.99592409
11.79046398
11.5879422
11.3955565
11.199279
11.00659179
10.81762507
10.63247615
10.45121337
10.26880063
10.09567144
9.921901994
9.752515398
9.583322537
9.418785728
9.258785297
9.099674358
8.945206428
8.792049256
8.640529271
8.493783837
8.348897106
8.206086332
8.065532445
7.92738358
7.791758466
7.658749624
7.528426372
7.3989546
7.272439194
7.148879635
7.026653453
6.907509032
6.789949925
6.67414308
6.56022677
6.44831343
6.338492384
6.230832401
6.125384089
6.021176732
5.918384266
5.818057398
5.719319112
5.622274166
5.527006606
5.43358202
5.341353059
5.251121912
5.162277687
5.074921795
4.989136267
4.904985816
4.82251978
4.74129136
4.661398116
4.582919418
4.505918359
4.430052514
4.355788651
4.282796034
4.210806218
4.140555475
4.071129489
4.003218597
3.936565261
3.870959072
3.806474205
3.743170526
3.681095127
3.619868152
3.559973566
3.501050924
3.443341087
3.386531279
3.330848159
3.276018919
3.222254758
3.16958857
3.117657217
3.066781379
3.016869899
2.967847761
2.919653948
2.872437274
2.826034631
2.780492139
2.735846322
2.691965435
2.648894835
2.606670598
2.565252538
2.524542903
2.484646536
2.445473061
2.407059183
2.369381704
2.332421286
2.296161846
2.260590027
2.225736554
2.191545922
2.158010718
2.125160205
2.092916094
2.061343031
2.030371412
2.000059453
1.97031782
1.941202813
1.912662104
1.884722268
1.857360707
1.830579386
1.804340658
1.778650957
1.753532451
1.728936789
1.704887061
1.681342858
1.658340856
1.63584459
1.613849437
1.592363138
1.571369584
1.550866091
1.530840564
1.511301619
1.492238425
1.473634038
1.455498036
1.437823247
1.42059701
1.403828436
1.387500347
1.371610502
1.35616234
1.341143404
1.326557917
1.312395842
1.298661601
1.285343054
1.272437991
1.259951364
1.247871106
1.236199685
1.224933418
1.214071957
1.203607841
1.193544213
1.183875174
1.174600065
1.165716606
1.157224672
1.149121126
1.141403655
1.134073069
1.127125311
1.120561682
1.114380178
1.108579368
1.103158258
1.098116168
1.093453233
1.089167277
1.085257926
1.081725803
1.078569397
1.075788804
1.073383809
1.071353881
1.069699005
1.068419361
1.067514702
1.066985289
1.066831256
1.067052862
1.067650375
1.06862436
1.069975108
1.07170335
1.073809651
1.076294857
1.079159625
1.082404948
1.086031794
1.09004131
1.094434574
1.099213111
1.104378091
1.109931137
1.115873761
1.12220797
1.12893532
1.136057848
1.143577429
1.151496788
1.159818132
1.168543811
1.177676677
1.187219362
1.197174992
1.20754682
1.21833821
1.229552261
1.24119328
1.253264536
1.265770121
1.278714934
1.292102799
