0.01659888174
0.01173790944
0.009584558325
0.008300986924
0.007425089992
0.006778570214
0.006276126738
0.005871144002
0.0055357118
0.005251963831
0.005007862353
0.004794961245
0.004607136142
0.004439823453
0.004289543587
0.00415359089
0.00402982552
0.003916529877
0.003812307187
0.003716008352
0.0036266782
0.003543515344
0.003465841741
0.003393079317
0.003324731776
0.003260370307
0.003199622226
0.003142161869
0.003087703232
0.003035993969
0.002986810466
0.002939953766
0.002895246181
0.002852528454
0.002811657375
0.002772503755
0.002698892214
0.002664231792
0.002630881484
0.002567796318
0.002537920163
0.00248118906
0.002454223795
0.00240284847
0.00237835086
0.002331539584
0.002287409182
0.002245713551
0.002206237092
0.002168790014
0.002133204495
0.002099331515
0.002067038235
0.002036205805
0.001992465778
0.001964841471
0.001925501827
0.001900566487
0.001864937246
0.001831263953
0.001799374389
0.001769116833
0.001740357034
0.001712975702
0.001678429271
0.001653869632
0.001622766498
0.001600576407
0.001572381827
0.001545652523
0.001520266258
0.001490258044
0.001467515093
0.001440528074
0.001420001091
0.001395562022
0.001372371018
0.001346046083
0.00132525671
0.001301568396
0.001279139213
0.001257861991
0.001237641904
0.001218394694
0.001197069416
0.001176860432
0.00115767422
0.001136893558
0.001119631419
0.001100868675
0.001080889105
0.001064048484
0.001046049595
0.001028971616
0.001010984855
0.0009939509216
0.0009777892826
0.0009624286127
0.0009463815019
0.0009298056679
0.0009153925416
0.0009004507411
0.0008851082812
0.0008705702536
0.0008567695438
0.0008426636691
0.000828347843
0.0008147872303
0.0008019185689
0.0007888915953
0.0007757757908
0.0007633446498
0.0007508656784
0.0007390313244
0.0007271806659
0.0007153584585
0.0007041494339
0.0006929849895
0.0006818984947
0.0006709190146
0.0006605118407
0.0006502116012
0.0006396437618
0.0006296385789
0.000619793768
0.0006104584464
0.0006009520337
0.000591637912
0.0005825223219
0.0005736098464
0.0005649036115
0.0005561623637
0.0005478857897
0.0005395990852
0.0005315422299
0.0005235162801
0.0005157331555
0.0005081865447
0.0005007045291
0.000493463651
0.0004863076412
0.0004792523677
0.0004724436893
0.0004657460045
0.0004591697072
0.0004527233712
0.00044641393
0.0004402468487
0.0004342262865
0.0004283552485
0.0004225515336
0.0004169098164
0.0004114296341
0.0004060391358
0.0004008154546
0.0003956928853
0.0003906791171
0.0003857804159
0.0003810017692
0.0003763470234
0.0003718190134
0.0003674196828
0.0003631087856
0.0003588941821
0.000354818924
0.000350847222
0.0003469835389
0.0003432313246
0.0003395931296
0.00033604407
0.0003326151975
0.0003292833129
0.0003260525773
0.0003229262114
0.0003199065998
0.0003169953882
0.0003141769798
0.0003114552181
0.0003088330721
0.0003063127319
0.0003038833188
0.0003015599279
0.0002993321611
0.0002971924216
0.0002951625783
0.0002932163792
0.0002913735676
0.0002896269153
0.0002879712571
0.0002864089706
0.0002849417672
0.0002835707687
0.0002822881142
0.0002811042343
0.0002800120255
0.0002790161099
0.0002781113296
0.0002773016349
0.0002765834496
0.0002759600001
0.0002754315055
0.0002749948671
0.0002746533663
0.0002744063303
0.0002742536791
0.000274195826
0.0002742332309
0.0002743662754
0.0002745953653
0.0002749205101
0.0002753431072
0.0002758633902
0.0002764812212
0.0002771974102
0.0002780143416
0.0002789304998
0.0002799484135
0.000281067737
0.0002822896078
0.0002836152353
0.0002850458778
0.0002865828233
0.0002882253178
0.0002899766054
0.0002918379925
0.0002938085531
0.0002958939296
0.0002980908896
0.0003004051834
0.0003028333477
0.0003053835948
0.0003080523338
0.0003108454865
0.0003137617157
0.000316804512
0.0003199748902
0.0003232788335
0.0003267173302
0.0003302887779
0.0003340016433
0.0003378542568
0.0003418550716
0.0003459997842
0.0003502967962
0.0003547493839
0.0003593582321
0.0003641291006
0.0003690651597
0.0003741720945
0.0003794504558
0.0003849058604
0.0003905464166
0.0003963725773
0.0004023898422
0.0004086061857
0.000415021986
0.0004216476484
0.0004284884954
0.0004355473299
0.0004428343949
0.0004503524334
0.0004581115886
0.0004661145612
0.0004743738569
0.0004828970012
0.0004916866302
0.0005007575173
0.0005101146673
0.000519767907
0.0005297246249
0.0005399993591
0.0005505970425
0.0005615321213
0.0005728142371
0.0005844553707
0.0005964651224
0.0006088577648
0.0006216475163
0.0006348439085
0.0006484657469
0.0006625225247
0.0006770306666
0.0006920065537
0.0007074665325
0.0007234269236
0.0007399017574
0.0007569141423
0.0007744825902
0.0007926210873
0.0008113548965
0.0008307024815
0.0008506845483
0.0008713262583
0.0008926505031
0.0009146779387
0.0009374381061
0.0009609538528
0.0009852524538
0.001010363371
0.001036311639
0.00106313329
0.001090853334
0.001119507756
0.001149128132
0.001179750401
0.001211408302
0.001244139924
0.001277983342
0.001312978789
0.001349166484
0.001386590971
0.001425294611
0.001465324082
0.001506726047
0.001549551477
0.001593849164
0.001639672207
0.001687073688
0.001736113134
0.0017868479
0.001839337481
0.001893645651
0.001949836171
0.002007977077
0.002068138532
0.002130392825
0.002194812233
0.002261477578
0.002330465385
0.002401858585
0.0024757465
0.002552214164
