0.002496953099
0.004993906198
0.007490859297
0.009987812395
0.01248476549
0.01498171859
0.01747867169
0.01997562479
0.02247257789
0.02496953099
0.02746648409
0.02996343719
0.03246039028
0.03495734338
0.03745429648
0.03995124958
0.04244820268
0.04494515578
0.04744210888
0.04993906198
0.05243601508
0.05493296817
0.05742992127
0.05992687437
0.06242382747
0.06492078057
0.06741773367
0.06991468677
0.07241163987
0.07490859297
0.07740554606
0.07990249916
0.08239945226
0.08489640536
0.08739335846
0.08989031156
0.09488421776
0.09738117085
0.09987812395
0.1048720302
0.1073689832
0.1123628894
0.1148598425
0.1198537487
0.1223507018
0.127344608
0.1323385142
0.1373324204
0.1423263266
0.1473202328
0.152314139
0.1573080452
0.1623019514
0.1672958576
0.1747867169
0.1797806231
0.1872714824
0.1922653886
0.1997562479
0.2072471072
0.2147379665
0.2222288258
0.2297196851
0.2372105444
0.2471983568
0.2546892161
0.2646770285
0.2721678878
0.2821557002
0.2921435126
0.302131325
0.3146160905
0.3246039028
0.3370886683
0.3470764807
0.3595612462
0.3720460117
0.3870277303
0.3995124958
0.4144942144
0.429475933
0.4444576516
0.4594393702
0.4744210888
0.4918997605
0.5093784322
0.5268571039
0.5468327286
0.5643114003
0.5842870251
0.606759603
0.6267352278
0.6492078057
0.6716803836
0.6966499146
0.7216194456
0.7465889766
0.7715585075
0.7990249916
0.8289884288
0.8564549129
0.8864183501
0.9188787404
0.9513391307
0.9837995209
1.018756864
1.056211161
1.093665457
1.131119754
1.171071003
1.213519206
1.255967409
1.300912564
1.34585772
1.393299829
1.443238891
1.493177953
1.545613968
1.600546936
1.657976858
1.715406779
1.775333653
1.840254434
1.905175214
1.972592948
2.040010682
2.112422322
2.187330915
2.264736461
2.34463896
2.427038412
2.514431771
2.601825129
2.694212394
2.789096611
2.888974735
2.991349812
3.096221843
3.206087779
3.318450668
3.435807464
3.558158166
3.683005821
3.812847382
3.947682849
4.087512223
4.232335503
4.382152688
4.536963781
4.696768779
4.864064637
5.0363544
5.21363807
5.3984126
5.588181035
5.78544033
5.990190484
6.202431498
6.42216337
6.649386102
6.884099693
7.126304144
7.378496407
7.640676482
7.910347417
8.190006164
8.479652724
8.779287096
9.08890928
9.41101623
9.743110992
10.08769052
10.44475481
10.81430387
11.1963377
11.59085628
12.00035659
12.42483862
12.86430237
13.31874783
13.79067196
14.27757782
14.78196235
15.3063225
15.84566437
16.40747881
16.98677193
17.58604068
18.207782
18.8519959
19.51868237
20.20784143
20.92446697
21.66356509
22.43012969
23.22166382
24.04316139
24.89212544
25.77354989
26.68493777
27.62628909
28.6050947
29.61636071
30.66258405
31.7462617
32.86989059
34.03097378
35.23450518
36.48048477
37.76891257
39.10478248
40.4880945
41.91884862
43.39954181
44.93516797
46.52323014
48.16872223
49.87164424
51.63449313
53.45976585
55.34995934
57.30757057
59.33259953
61.43004014
63.60238933
65.84964712
68.17930436
70.5888641
73.0858172
75.66766671
78.34440043
81.11352142
83.98252053
86.95139776
90.02514703
93.20626527
96.50224336
99.91557825
103.4462699
107.1043062
110.8896871
114.8124004
118.8699492
123.0723213
127.4245105
131.9290139
136.5933223
141.4224296
146.4238267
151.6000104
156.9584718
162.5091985
168.2546876
174.2024299
180.3624132
186.7371344
193.3390784
200.175736
207.2521011
214.5806585
222.166402
230.0218164
238.1518957
246.5716216
255.2909818
264.3149703
273.6610657
283.336759
293.3545348
303.724381
314.4637763
325.5802115
337.0911653
349.0091224
361.3490647
374.1234767
387.3498373
401.045625
415.2233247
429.9054089
445.1043624
460.8401609
477.1327798
494.002195
511.4683819
529.5488193
548.2709736
567.6573175
587.7253295
608.5049732
630.0187211
652.2915428
675.3534016
699.2317641
723.9515998
749.547866
776.0480292
803.4845499
831.8923853
861.3014989
891.7543389
923.2808687
955.9235365
989.7197967
1024.712097
1060.94039
1098.449619
1137.284731
1177.493167
1219.122369
1262.224773
1306.850319
1353.053939
1400.890567
1450.420128
1501.700054
1554.792768
1609.760693
1666.673745
1725.599341
1786.607397
1849.772819
1915.170518
1982.880395
2052.98485
2125.56878
2200.71708
2278.524636
2359.081337
2442.484564
2528.83919
2618.245093
