178.3126643
242.6047094
275.4065072
280.1266514
271.0222067
257.1327488
242.644427
229.1538089
217.2462359
206.8671765
197.7058253
189.6167775
182.5137124
176.2763661
170.7565198
165.7623211
161.1305073
156.8079124
152.7920773
149.0546092
145.560094
142.3029873
139.2738653
136.4339846
133.7384886
131.1670627
128.7015501
126.3190685
124.0259131
121.8490571
119.7981494
117.8672069
116.0466003
114.3345642
112.7327526
111.2298454
108.4259514
107.0920762
105.8058014
103.3938063
102.2724805
100.1476618
99.12161555
97.14960045
96.20141861
94.38219781
92.73223137
91.22278468
89.82087165
88.48415417
87.19190287
85.91320244
84.62444215
83.37585338
81.60688311
80.43493547
78.71599859
77.64641097
76.13615548
74.73947246
73.37870933
72.0315189
70.7330447
69.50936773
67.95087705
66.84544396
65.34061064
64.24712925
62.84003813
61.48757243
60.14618089
58.7012902
57.37436164
55.69719407
54.37016046
52.90787596
51.5753334
50.08718879
48.97188005
47.72093433
46.57517782
45.57840573
44.73838931
43.94268339
43.0932402
42.27202767
41.44654666
40.47545579
39.68646646
38.86475592
38.09275195
37.29879399
37.25742425
37.54749436
37.87740337
38.02392374
38.12568284
38.18754926
38.22460818
38.24259474
38.18914884
38.04084509
37.7626603
37.43184287
37.49488222
37.54337078
37.6152546
37.65937852
37.65223963
37.63834247
37.59300511
37.5564904
37.30010124
36.98045776
36.60160107
36.16291498
35.73768058
35.32266916
34.83079701
34.19649587
33.62703452
33.05380051
32.45156609
31.87749065
30.65753892
29.51166103
28.38424889
27.31235311
26.28865318
25.28038064
24.30249811
23.30935312
22.31272366
21.29678384
20.35245671
19.52169236
18.72290755
17.88961709
17.10837458
16.44666157
15.78952566
15.11062375
14.4423316
13.75462139
13.54518389
13.34270934
13.3046149
13.38685135
13.54275388
13.68641994
13.69537261
13.62679376
13.21084651
12.69583753
12.03921074
11.41056223
10.90199452
10.62508154
10.50108121
10.58778836
10.59743922
10.63024772
10.63935958
10.69383082
10.66275776
10.61160833
10.22247443
9.653678559
8.944039699
8.340581
8.024030375
7.799296454
7.716571447
7.599470218
7.813652505
8.095404048
8.186542717
7.894924595
7.515229224
7.15627622
6.844260325
6.649091978
6.742413895
6.766747382
6.419991344
6.156495398
6.178670811
6.22557704
6.27561084
6.063391746
5.627285397
5.446551687
5.394159218
5.602528159
5.635138414
5.387184753
5.15402253
5.141588169
5.094274396
4.886277918
4.938023546
4.987448575
4.674686397
4.545332203
4.631209998
4.631037512
4.442652834
4.430262325
4.297843847
4.300529374
4.272527613
4.054008996
4.088330343
4.042944946
3.928161388
3.882145105
3.890922775
3.791661961
3.729381037
3.742352276
3.656823827
3.584724162
3.597024908
3.463799319
3.478805231
3.412840796
3.35302339
3.258175691
3.276004249
3.186107917
3.152250411
3.076985517
3.075138282
3.022479325
3.008404727
2.987195471
2.951700262
2.940946945
2.925225782
2.90200079
2.887811618
2.898818616
2.898765198
2.899370545
2.910763178
2.912345444
2.940810305
2.961060007
2.98417623
3.00680399
3.029855502
3.046241214
3.079274537
3.106665659
3.130614856
3.150697094
3.174924079
3.205948379
3.231478892
3.260967262
3.291285309
3.315316511
3.346757606
3.386079367
3.423518998
3.460544341
3.502931176
3.550779963
3.59982771
3.650598153
3.700754853
3.75252299
3.809305678
3.864837159
3.924671412
3.987325739
4.049036184
4.115605247
4.18282205
4.251420996
4.324035975
4.3980912
4.473606581
4.552216926
4.632368662
4.714573729
4.798191279
4.884113794
4.970659913
5.059306648
5.151776678
5.249677167
5.351052261
5.457271852
5.572117762
5.695360237
5.827249846
5.965408775
6.110880353
6.265457961
6.429550037
6.606088233
6.795927021
6.998120033
7.20903381
7.430216907
7.660230296
7.894694471
8.132883163
8.369317706
8.60819925
8.849435116
9.087826927
9.322722117
9.552926799
9.785968241
10.0215355
10.25851979
10.50524359
10.75609831
11.00318116
11.22708077
11.41652082
11.57534455
11.69201702
11.78596036
11.88770374
12.01698391
12.18780546
12.39916422
12.64342797
12.93898686
