0.001754234287
0.003106239788
0.004047889565
0.004593536179
0.004850021463
0.004914701055
0.004860371168
0.004742526765
0.004597034121
0.004443917899
0.004294356305
0.004154436911
0.004026263894
0.003909117737
0.003801626643
0.003702792089
0.003611811168
0.003527768412
0.00344938428
0.00337529396
0.003304970466
0.003238782839
0.003176802833
0.00311833425
0.003062667514
0.003009569823
0.002959140937
0.002911509884
0.002866474613
0.002823507858
0.002782236959
0.00274259738
0.002704483642
0.002667638244
0.002631942087
0.002597499298
0.002532559179
0.00250197212
0.002472649582
0.002417639123
0.0023916101
0.002341408309
0.002317143091
0.002270848905
0.002248936812
0.002207183878
0.002168086768
0.002131007805
0.002095504417
0.002061544845
0.002029387394
0.001998895742
0.001969571072
0.001941425758
0.001901431433
0.001876007318
0.001839416575
0.001816239064
0.001783388746
0.001752392157
0.001722824857
0.001694813924
0.001668405654
0.001643051874
0.001610777213
0.00158801588
0.001559114667
0.001538370984
0.001512030727
0.001487109919
0.001463553483
0.001435696877
0.001414669107
0.001389542324
0.001370478481
0.001347847328
0.001326341909
0.001301996198
0.00128281767
0.001260954915
0.001240140855
0.001220342537
0.001201539257
0.001183754951
0.001164066632
0.001145318173
0.00112739275
0.001108041057
0.001091858947
0.001074215424
0.001055461851
0.001039503282
0.001022450346
0.001006499077
0.0009897849601
0.0009738454994
0.0009588623175
0.0009446297524
0.0009295988797
0.0009139888406
0.000900526178
0.000886514586
0.0008718703252
0.0008579667802
0.0008446744256
0.0008312347093
0.0008177259318
0.0008050211533
0.0007930842921
0.0007809801835
0.0007685644766
0.0007567002481
0.0007447851382
0.0007335193886
0.0007221437337
0.000710697021
0.0006997857434
0.0006890600101
0.0006785356198
0.0006681740765
0.0006584163019
0.0006487580029
0.0006387670627
0.0006292099885
0.0006197042577
0.000610582125
0.0006011954792
0.0005919998139
0.0005829797586
0.0005741551842
0.0005656478456
0.0005572670329
0.0005493423197
0.0005412392007
0.0005332796655
0.0005253834878
0.0005177375518
0.0005100798707
0.0005024638876
0.0004950279289
0.0004875894601
0.0004803729913
0.0004735861087
0.0004670046931
0.000460477679
0.0004541218202
0.000448011689
0.0004420720238
0.0004361921584
0.0004305054911
0.0004248584
0.000419389273
0.0004139964669
0.0004088278142
0.0004040569979
0.0003996158142
0.0003951933003
0.0003908983654
0.0003866050771
0.0003823992867
0.0003781278402
0.0003738155383
0.0003695285096
0.0003652773431
0.0003610946052
0.0003569083536
0.0003526885367
0.0003486126841
0.0003447663024
0.0003409794524
0.0003373726659
0.0003337183772
0.0003302612034
0.0003266792794
0.0003229600803
0.0003192821227
0.0003158182476
0.0003124786696
0.0003092729713
0.0003062320681
0.0003034751466
0.0003009997148
0.0002985583655
0.0002963172194
0.0002944457582
0.0002926338536
0.0002909277842
0.0002890719811
0.0002871976256
0.0002853993441
0.0002836687732
0.0002821103924
0.0002806053055
0.0002793632868
0.0002783795493
0.0002775311867
0.000276821474
0.0002761634181
0.0002755491085
0.0002749312669
0.0002743713937
0.0002738362859
0.0002733191915
0.0002727748732
0.0002722782022
0.0002719995888
0.0002719598543
0.0002721272024
0.0002725326451
0.0002730678525
0.0002737051923
0.0002744350268
0.0002753646168
0.0002763371492
0.0002774030186
0.0002786233482
0.0002799381918
0.0002814709646
0.0002832354178
0.0002851312849
0.0002871825974
0.0002893636701
0.0002916904834
0.0002941189975
0.000296574131
0.000298993185
0.0003014141154
0.0003039361011
0.0003065568459
0.000309243175
0.0003120069027
0.0003148214071
0.0003175860257
0.0003203390924
0.0003229673929
0.0003254129632
0.0003277606531
0.0003300544448
0.000332310595
0.000334461562
0.0003365125053
0.0003385811464
0.0003407704051
0.0003431355322
0.0003457727783
0.0003486650545
0.000351733563
0.0003549567101
0.0003584679288
0.0003622588958
0.0003663421443
0.0003708852243
0.0003758883372
0.0003814102424
0.0003874525535
0.0003940823443
0.0004012277442
0.0004087455689
0.0004167671021
0.0004253564429
0.0004343955397
0.0004438710661
0.0004537085918
0.0004639280359
0.0004745183819
0.0004853618431
0.000496397964
0.0005076560285
0.0005190531142
0.0005308718401
0.0005431492649
0.0005557205072
0.0005686274649
0.0005816754517
0.0005948874076
0.0006083095255
0.0006218411259
0.0006356924384
0.0006500215145
0.0006647988979
0.0006799180982
0.0006953468867
0.0007111100009
0.000727207335
0.0007437016086
0.0007607153504
0.000778417601
0.0007967510167
0.0008154219854
0.0008343218869
0.0008535043805
0.0008731058345
0.0008933604989
0.0009144735055
0.0009361843037
0.0009582668276
0.0009813714377
0.00100545374
0.001030320978
0.001056681322
0.001084889592
0.001114889851
0.001146401912
0.001179417177
0.001213805461
0.001249171761
0.001286065691
0.001323889718
0.001362140408
0.001400921693
0.001440769643
0.001480776331
0.00152072651
0.001560376505
0.001599980001
0.001640363471
0.00168155245
0.001723730569
0.001767210125
0.001811121286
0.001854262143
0.001896642604
0.001936592718
0.00197315106
0.00200513125
0.00203553054
0.00206592733
0.002097719678
0.002134823867
0.002174865234
0.002214932857
0.002256712529
